Team,G,FG,FGA,FG%,3P,3PA,3P%,2P,2PA,2P%,FT,FTA,FT%,ORB,DRB,TRB,AST,STL,BLK,TOV,PF,PTS
Atlanta Hawks,64,41.1,87.9,.468,12.6,33.6,.374,28.5,54.3,.526,17.8,22.1,.803,9.9,34.2,44.1,24.2,6.8,4.4,12.1,18.5,112.5
Boston Celtics,66,39.9,87.4,.456,12.7,36.6,.347,27.2,50.8,.535,17.2,21.1,.815,10.7,35.6,46.3,24.0,7.1,6.1,13.9,18.6,109.6
Brooklyn Nets,66,41.4,88.5,.467,11.3,31.8,.354,30.1,56.7,.531,17.1,21.3,.802,10.2,34.0,44.2,24.8,6.9,5.2,13.9,20.1,111.1
Charlotte Hornets,66,42.3,92.2,.459,13.8,38.4,.358,28.5,53.7,.531,16.0,21.8,.735,11.0,34.2,45.2,27.2,8.7,4.8,13.3,20.1,114.4
Chicago Bulls,65,42.2,87.2,.484,11.0,29.4,.376,31.1,57.8,.538,17.0,21.0,.812,8.7,34.4,43.1,24.3,7.0,4.4,13.0,18.8,112.4
Cleveland Cavaliers,65,39.5,84.6,.467,11.6,33.1,.351,27.9,51.5,.542,16.3,21.5,.758,10.4,34.4,44.7,25.2,7.2,4.3,14.8,17.1,106.9
Dallas Mavericks,65,39.2,85.7,.458,12.9,37.0,.347,26.4,48.7,.542,15.8,20.6,.765,9.4,33.8,43.2,23.5,7.1,4.1,12.5,19.8,107.1
Denver Nuggets,65,41.2,86.5,.476,12.9,36.6,.353,28.3,49.9,.566,16.0,20.3,.789,9.0,35.1,44.1,27.4,7.3,3.7,14.3,19.6,111.3
Detroit Pistons,65,37.7,88.9,.424,11.1,34.4,.322,26.7,54.6,.489,17.0,21.9,.775,11.3,31.9,43.3,22.9,7.6,4.8,14.4,21.9,103.5
Golden State Warriors,66,40.6,86.7,.469,14.5,39.8,.363,26.2,46.8,.559,15.5,20.3,.761,9.7,35.7,45.5,27.3,9.3,4.7,15.1,20.6,111.2
Houston Rockets,65,38.8,86.1,.451,13.4,38.9,.344,25.4,47.2,.539,17.6,24.8,.708,9.7,32.4,42.1,23.1,7.3,4.6,16.6,20.5,108.6
Indiana Pacers,67,41.0,89.2,.460,11.9,35.2,.340,29.1,54.0,.538,16.3,21.5,.759,11.1,33.7,44.8,24.8,6.9,5.7,14.5,20.3,110.3
Los Angeles Clippers,67,39.7,87.5,.453,12.4,34.0,.365,27.3,53.5,.510,15.1,19.3,.782,9.1,35.2,44.4,23.6,7.6,4.7,14.2,18.7,106.8
Los Angeles Lakers,64,41.3,88.7,.465,11.9,34.3,.347,29.3,54.4,.540,16.2,22.2,.727,9.6,34.9,44.5,23.9,8.0,5.6,14.8,20.0,110.6
Memphis Grizzlies,67,43.1,93.8,.459,11.1,32.5,.340,32.0,61.3,.522,17.0,23.2,.733,14.0,35.2,49.2,25.3,9.9,6.3,13.2,19.5,114.2
Miami Heat,66,39.7,85.4,.464,13.4,35.4,.377,26.3,49.9,.526,17.0,21.1,.807,10.4,34.0,44.4,25.7,7.5,3.3,14.7,20.7,109.7
Milwaukee Bucks,66,41.3,89.1,.464,14.3,39.0,.366,27.0,50.0,.540,17.6,22.7,.775,10.4,36.5,46.9,23.6,7.6,4.1,13.6,18.3,114.5
Minnesota Timberwolves,66,41.3,91.4,.452,14.5,41.5,.350,26.8,49.9,.536,17.3,22.5,.767,11.7,33.0,44.7,25.5,8.8,5.9,14.6,21.9,114.4
New Orleans Pelicans,65,39.6,87.6,.452,10.8,32.6,.331,28.8,55.0,.524,17.7,22.5,.787,11.6,33.9,45.5,24.9,7.7,4.2,14.3,20.0,107.8
New York Knicks,65,37.7,86.5,.436,13.0,36.7,.355,24.7,49.8,.496,17.3,23.3,.744,11.4,34.8,46.2,21.4,6.9,4.9,13.5,20.4,105.8
Oklahoma City Thunder,65,37.9,89.5,.423,11.7,37.2,.314,26.2,52.3,.501,14.9,19.5,.764,10.4,35.5,45.9,21.6,7.8,4.7,13.7,18.3,102.3
Orlando Magic,66,38.1,88.0,.433,11.8,36.2,.327,26.3,51.8,.507,15.7,19.9,.790,9.0,34.9,43.9,23.2,7.0,4.6,14.6,19.8,103.8
Philadelphia 76ers,64,39.2,84.6,.464,11.1,31.2,.357,28.1,53.4,.526,18.9,23.1,.818,8.4,33.7,42.1,23.2,7.6,5.5,12.4,19.5,108.5
Phoenix Suns,65,43.0,89.3,.481,11.5,31.6,.365,31.5,57.7,.545,16.2,20.4,.794,9.7,35.7,45.4,27.1,8.6,4.4,12.9,19.3,113.7
Portland Trail Blazers,64,38.5,86.8,.444,13.2,37.7,.351,25.3,49.1,.514,17.0,22.3,.763,10.1,33.5,43.7,22.6,7.7,4.5,14.1,20.4,107.2
Sacramento Kings,67,40.6,88.7,.458,11.4,33.4,.341,29.2,55.3,.529,17.5,22.9,.764,10.0,33.5,43.6,23.5,7.1,4.5,14.1,19.3,110.2
San Antonio Spurs,65,43.8,93.3,.469,11.1,31.4,.353,32.7,61.9,.528,14.1,19.1,.738,11.1,34.3,45.3,28.2,7.7,5.0,12.7,18.2,112.8
Toronto Raptors,64,40.2,91.0,.442,12.0,34.2,.352,28.2,56.8,.496,15.8,21.1,.749,13.2,31.7,44.8,22.0,9.0,4.7,12.7,19.8,108.3
Utah Jazz,64,40.6,86.1,.472,14.6,40.3,.363,26.0,45.8,.568,17.7,22.7,.778,10.5,35.6,46.1,22.4,7.2,4.8,14.3,18.9,113.6
Washington Wizards,63,40.3,86.2,.468,10.5,31.0,.338,29.9,55.2,.541,16.9,21.6,.783,9.2,34.3,43.5,24.6,6.3,5.0,13.3,19.2,108.1